{
     "algRes": {
          "boyerMoor": 0.027040959790045928,
          "codeSum": 0.09672884056612616,
          "dka": 0.3599446995969631,
          "bruteForce": 0.2215062330115287,
          "codeSquareSum": 0.1509044896428906,
          "rabinKarp": 0.1438747773924454
     }
}