{
     "algRes": {
          "boyerMoor": 0.02803920612473789,
          "codeSum": 0.10308675086555809,
          "dka": 0.43419320232115854,
          "bruteForce": 0.16360267225825326,
          "codeSquareSum": 0.1567025893597308,
          "rabinKarp": 0.11437557907056126
     }
}